null,null
null,null
null,null
No.4373,5,30,43,40,4,44
No.4373,5,30,43,40,4,44
No.2600,19,6,7,14,22,5
No.2600,19,6,7,14,22,5
No.1963,5,7,41,7,23,31
No.1963,5,7,41,7,23,31
No.3868,7
No.3868,7
No.0365,1
No.0365,1
No.2491,15,37,4,21,23,43
No.2491,15,37,4,21,23,43
No.1571,33,14,1,34,24,43
No.1571,33,14,1,34,24,43
No.5678,44,18,35,31,41,7
No.5678,44,18,35,31,41,7
No.1246,9,42,20,27,17,10
No.1246,9,42,20,27,17,10
No.6093,24,14,8,35,13,29
No.6093,24,14,8,35,13,29
No.6595,2,2,13,23,25,30
No.6595,2,2,13,23,25,30
No.2207,7,13,15,16,42,43
No.2207,7,13,15,16,42,43
No.5042,10,12,18,19,25,32
No.5042,10,12,18,19,25,32
